2018/12/02-22:52:12.444894 7f67f66ef700                        Version: 2.0.19
2018/12/02-22:52:12.444984 7f67f66ef700             Options.comparator: leveldb.InternalKeyComparator
2018/12/02-22:52:12.444998 7f67f66ef700      Options.create_if_missing: 1
2018/12/02-22:52:12.445002 7f67f66ef700        Options.error_if_exists: 0
2018/12/02-22:52:12.445033 7f67f66ef700        Options.paranoid_checks: 0
2018/12/02-22:52:12.445036 7f67f66ef700     Options.verify_compactions: 1
2018/12/02-22:52:12.445040 7f67f66ef700                    Options.env: 0x7f683c003660
2018/12/02-22:52:12.445045 7f67f66ef700               Options.info_log: 0x7f6814002480
2018/12/02-22:52:12.445054 7f67f66ef700      Options.write_buffer_size: 62914560
2018/12/02-22:52:12.445062 7f67f66ef700         Options.max_open_files: 1000
2018/12/02-22:52:12.445066 7f67f66ef700            Options.block_cache: 0x7f68140018b0
2018/12/02-22:52:12.445070 7f67f66ef700             Options.block_size: 4096
2018/12/02-22:52:12.445073 7f67f66ef700       Options.block_size_steps: 16
2018/12/02-22:52:12.445077 7f67f66ef700 Options.block_restart_interval: 16
2018/12/02-22:52:12.445081 7f67f66ef700            Options.compression: 1
2018/12/02-22:52:12.445084 7f67f66ef700          Options.filter_policy: NULL
2018/12/02-22:52:12.445089 7f67f66ef700              Options.is_repair: false
2018/12/02-22:52:12.445108 7f67f66ef700         Options.is_internal_db: false
2018/12/02-22:52:12.445112 7f67f66ef700      Options.total_leveldb_mem: 0
2018/12/02-22:52:12.445115 7f67f66ef700  Options.block_cache_threshold: 33554432
2018/12/02-22:52:12.445120 7f67f66ef700  Options.limited_developer_mem: false
2018/12/02-22:52:12.445144 7f67f66ef700              Options.mmap_size: 0
2018/12/02-22:52:12.445147 7f67f66ef700       Options.delete_threshold: 1000
2018/12/02-22:52:12.445150 7f67f66ef700       Options.fadvise_willneed: false
2018/12/02-22:52:12.445152 7f67f66ef700      Options.tiered_slow_level: 0
2018/12/02-22:52:12.445155 7f67f66ef700     Options.tiered_fast_prefix: .flag
2018/12/02-22:52:12.445157 7f67f66ef700     Options.tiered_slow_prefix: .flag
2018/12/02-22:52:12.445161 7f67f66ef700                         crc32c: hardware
2018/12/02-22:52:12.445163 7f67f66ef700   Options.cache_object_warming: true
2018/12/02-22:52:12.445166 7f67f66ef700                File cache size: 186642432
2018/12/02-22:52:12.445239 7f67f66ef700               Block cache size: 188739584
2018/12/02-22:52:12.445401 7f67f66ef700 Recovering log #19396
2018/12/02-22:52:12.457459 7f67f66ef700 Delete type=3 #19395
2018/12/02-22:52:12.457486 7f67f66ef700 Delete type=0 #19396
