2018/12/02-22:48:27.504170 7fa559c31700                        Version: 2.0.19
2018/12/02-22:48:27.504198 7fa559c31700             Options.comparator: leveldb.InternalKeyComparator
2018/12/02-22:48:27.504203 7fa559c31700      Options.create_if_missing: 1
2018/12/02-22:48:27.504205 7fa559c31700        Options.error_if_exists: 0
2018/12/02-22:48:27.504207 7fa559c31700        Options.paranoid_checks: 0
2018/12/02-22:48:27.504210 7fa559c31700     Options.verify_compactions: 1
2018/12/02-22:48:27.504222 7fa559c31700                    Options.env: 0x7fa5bc003670
2018/12/02-22:48:27.504226 7fa559c31700               Options.info_log: 0x7fa588002530
2018/12/02-22:48:27.504228 7fa559c31700      Options.write_buffer_size: 62914560
2018/12/02-22:48:27.504230 7fa559c31700         Options.max_open_files: 1000
2018/12/02-22:48:27.504232 7fa559c31700            Options.block_cache: 0x7fa588001940
2018/12/02-22:48:27.504243 7fa559c31700             Options.block_size: 4096
2018/12/02-22:48:27.504247 7fa559c31700       Options.block_size_steps: 16
2018/12/02-22:48:27.504249 7fa559c31700 Options.block_restart_interval: 16
2018/12/02-22:48:27.504251 7fa559c31700            Options.compression: 1
2018/12/02-22:48:27.504253 7fa559c31700          Options.filter_policy: NULL
2018/12/02-22:48:27.504255 7fa559c31700              Options.is_repair: false
2018/12/02-22:48:27.504257 7fa559c31700         Options.is_internal_db: false
2018/12/02-22:48:27.504261 7fa559c31700      Options.total_leveldb_mem: 0
2018/12/02-22:48:27.504263 7fa559c31700  Options.block_cache_threshold: 33554432
2018/12/02-22:48:27.504274 7fa559c31700  Options.limited_developer_mem: false
2018/12/02-22:48:27.504278 7fa559c31700              Options.mmap_size: 0
2018/12/02-22:48:27.504280 7fa559c31700       Options.delete_threshold: 1000
2018/12/02-22:48:27.504283 7fa559c31700       Options.fadvise_willneed: false
2018/12/02-22:48:27.504285 7fa559c31700      Options.tiered_slow_level: 0
2018/12/02-22:48:27.504288 7fa559c31700     Options.tiered_fast_prefix: .flag
2018/12/02-22:48:27.504290 7fa559c31700     Options.tiered_slow_prefix: .flag
2018/12/02-22:48:27.504292 7fa559c31700                         crc32c: hardware
2018/12/02-22:48:27.504294 7fa559c31700   Options.cache_object_warming: true
2018/12/02-22:48:27.504296 7fa559c31700                File cache size: 186642432
2018/12/02-22:48:27.504298 7fa559c31700               Block cache size: 188739584
2018/12/02-22:48:27.504376 7fa559c31700 Recovering log #19388
2018/12/02-22:48:27.518045 7fa559c31700 Delete type=0 #19388
2018/12/02-22:48:27.518289 7fa559c31700 Delete type=3 #19387
