2018/11/29-17:19:35.960080 7efc27ea2700                        Version: 2.0.19
2018/11/29-17:19:35.960096 7efc27ea2700             Options.comparator: leveldb.InternalKeyComparator
2018/11/29-17:19:35.960099 7efc27ea2700      Options.create_if_missing: 1
2018/11/29-17:19:35.960101 7efc27ea2700        Options.error_if_exists: 0
2018/11/29-17:19:35.960103 7efc27ea2700        Options.paranoid_checks: 0
2018/11/29-17:19:35.960104 7efc27ea2700     Options.verify_compactions: 1
2018/11/29-17:19:35.960106 7efc27ea2700                    Options.env: 0x7efc6c0024d0
2018/11/29-17:19:35.960108 7efc27ea2700               Options.info_log: 0x7efc54002530
2018/11/29-17:19:35.960112 7efc27ea2700      Options.write_buffer_size: 62914560
2018/11/29-17:19:35.960114 7efc27ea2700         Options.max_open_files: 1000
2018/11/29-17:19:35.960115 7efc27ea2700            Options.block_cache: 0x7efc54001940
2018/11/29-17:19:35.960118 7efc27ea2700             Options.block_size: 4096
2018/11/29-17:19:35.960135 7efc27ea2700       Options.block_size_steps: 16
2018/11/29-17:19:35.960137 7efc27ea2700 Options.block_restart_interval: 16
2018/11/29-17:19:35.960175 7efc27ea2700            Options.compression: 1
2018/11/29-17:19:35.960180 7efc27ea2700          Options.filter_policy: NULL
2018/11/29-17:19:35.960183 7efc27ea2700              Options.is_repair: false
2018/11/29-17:19:35.960186 7efc27ea2700         Options.is_internal_db: false
2018/11/29-17:19:35.960189 7efc27ea2700      Options.total_leveldb_mem: 0
2018/11/29-17:19:35.960193 7efc27ea2700  Options.block_cache_threshold: 33554432
2018/11/29-17:19:35.960197 7efc27ea2700  Options.limited_developer_mem: false
2018/11/29-17:19:35.960204 7efc27ea2700              Options.mmap_size: 0
2018/11/29-17:19:35.960223 7efc27ea2700       Options.delete_threshold: 1000
2018/11/29-17:19:35.960226 7efc27ea2700       Options.fadvise_willneed: false
2018/11/29-17:19:35.960228 7efc27ea2700      Options.tiered_slow_level: 0
2018/11/29-17:19:35.960230 7efc27ea2700     Options.tiered_fast_prefix: .flag
2018/11/29-17:19:35.960248 7efc27ea2700     Options.tiered_slow_prefix: .flag
2018/11/29-17:19:35.960250 7efc27ea2700                         crc32c: hardware
2018/11/29-17:19:35.960252 7efc27ea2700   Options.cache_object_warming: true
2018/11/29-17:19:35.960254 7efc27ea2700                File cache size: 186642432
2018/11/29-17:19:35.960256 7efc27ea2700               Block cache size: 188739584
2018/11/29-17:19:35.960330 7efc27ea2700 Recovering log #64057
2018/11/29-17:19:35.972911 7efc27ea2700 Delete type=0 #64057
2018/11/29-17:19:35.972975 7efc27ea2700 Delete type=3 #64056
