2018/11/20-21:06:40.408332 7f52c7835700                        Version: 2.0.19
2018/11/20-21:06:40.408348 7f52c7835700             Options.comparator: leveldb.InternalKeyComparator
2018/11/20-21:06:40.408351 7f52c7835700      Options.create_if_missing: 1
2018/11/20-21:06:40.408352 7f52c7835700        Options.error_if_exists: 0
2018/11/20-21:06:40.408354 7f52c7835700        Options.paranoid_checks: 0
2018/11/20-21:06:40.408356 7f52c7835700     Options.verify_compactions: 1
2018/11/20-21:06:40.408358 7f52c7835700                    Options.env: 0x7f5320003590
2018/11/20-21:06:40.408375 7f52c7835700               Options.info_log: 0x7f530c0024a0
2018/11/20-21:06:40.408377 7f52c7835700      Options.write_buffer_size: 62914560
2018/11/20-21:06:40.408379 7f52c7835700         Options.max_open_files: 1000
2018/11/20-21:06:40.408380 7f52c7835700            Options.block_cache: 0x7f530c0018b0
2018/11/20-21:06:40.408382 7f52c7835700             Options.block_size: 4096
2018/11/20-21:06:40.408384 7f52c7835700       Options.block_size_steps: 16
2018/11/20-21:06:40.408385 7f52c7835700 Options.block_restart_interval: 16
2018/11/20-21:06:40.408387 7f52c7835700            Options.compression: 1
2018/11/20-21:06:40.408389 7f52c7835700          Options.filter_policy: NULL
2018/11/20-21:06:40.408390 7f52c7835700              Options.is_repair: false
2018/11/20-21:06:40.408392 7f52c7835700         Options.is_internal_db: false
2018/11/20-21:06:40.408394 7f52c7835700      Options.total_leveldb_mem: 0
2018/11/20-21:06:40.408411 7f52c7835700  Options.block_cache_threshold: 33554432
2018/11/20-21:06:40.408413 7f52c7835700  Options.limited_developer_mem: false
2018/11/20-21:06:40.408415 7f52c7835700              Options.mmap_size: 0
2018/11/20-21:06:40.408416 7f52c7835700       Options.delete_threshold: 1000
2018/11/20-21:06:40.408418 7f52c7835700       Options.fadvise_willneed: false
2018/11/20-21:06:40.408419 7f52c7835700      Options.tiered_slow_level: 0
2018/11/20-21:06:40.408421 7f52c7835700     Options.tiered_fast_prefix: .utxo
2018/11/20-21:06:40.408423 7f52c7835700     Options.tiered_slow_prefix: .utxo
2018/11/20-21:06:40.408424 7f52c7835700                         crc32c: hardware
2018/11/20-21:06:40.408426 7f52c7835700   Options.cache_object_warming: true
2018/11/20-21:06:40.408428 7f52c7835700                File cache size: 186642432
2018/11/20-21:06:40.408429 7f52c7835700               Block cache size: 188739584
2018/11/20-21:06:40.408494 7f52c7835700 Recovering log #45960
2018/11/20-21:06:40.418918 7f52c7835700 Delete type=0 #45960
2018/11/20-21:06:40.418937 7f52c7835700 Delete type=3 #45959
