2018/12/03-23:59:01.416091 7fa34f742700                        Version: 2.0.19
2018/12/03-23:59:01.416110 7fa34f742700             Options.comparator: leveldb.InternalKeyComparator
2018/12/03-23:59:01.416113 7fa34f742700      Options.create_if_missing: 1
2018/12/03-23:59:01.416115 7fa34f742700        Options.error_if_exists: 0
2018/12/03-23:59:01.416117 7fa34f742700        Options.paranoid_checks: 0
2018/12/03-23:59:01.416118 7fa34f742700     Options.verify_compactions: 1
2018/12/03-23:59:01.416120 7fa34f742700                    Options.env: 0x7fa3a40022e0
2018/12/03-23:59:01.416122 7fa34f742700               Options.info_log: 0x7fa3840024a0
2018/12/03-23:59:01.416124 7fa34f742700      Options.write_buffer_size: 62914560
2018/12/03-23:59:01.416125 7fa34f742700         Options.max_open_files: 1000
2018/12/03-23:59:01.416127 7fa34f742700            Options.block_cache: 0x7fa3840018b0
2018/12/03-23:59:01.416129 7fa34f742700             Options.block_size: 4096
2018/12/03-23:59:01.416130 7fa34f742700       Options.block_size_steps: 16
2018/12/03-23:59:01.416132 7fa34f742700 Options.block_restart_interval: 16
2018/12/03-23:59:01.416134 7fa34f742700            Options.compression: 1
2018/12/03-23:59:01.416135 7fa34f742700          Options.filter_policy: NULL
2018/12/03-23:59:01.416137 7fa34f742700              Options.is_repair: false
2018/12/03-23:59:01.416139 7fa34f742700         Options.is_internal_db: false
2018/12/03-23:59:01.416140 7fa34f742700      Options.total_leveldb_mem: 0
2018/12/03-23:59:01.416142 7fa34f742700  Options.block_cache_threshold: 33554432
2018/12/03-23:59:01.416144 7fa34f742700  Options.limited_developer_mem: false
2018/12/03-23:59:01.416146 7fa34f742700              Options.mmap_size: 0
2018/12/03-23:59:01.416147 7fa34f742700       Options.delete_threshold: 1000
2018/12/03-23:59:01.416149 7fa34f742700       Options.fadvise_willneed: false
2018/12/03-23:59:01.416150 7fa34f742700      Options.tiered_slow_level: 0
2018/12/03-23:59:01.416152 7fa34f742700     Options.tiered_fast_prefix: .utxo
2018/12/03-23:59:01.416154 7fa34f742700     Options.tiered_slow_prefix: .utxo
2018/12/03-23:59:01.416155 7fa34f742700                         crc32c: hardware
2018/12/03-23:59:01.416157 7fa34f742700   Options.cache_object_warming: true
2018/12/03-23:59:01.416159 7fa34f742700                File cache size: 186642432
2018/12/03-23:59:01.416160 7fa34f742700               Block cache size: 188739584
2018/12/03-23:59:01.416325 7fa34f742700 Recovering log #5296
2018/12/03-23:59:01.418751 7fa34f742700 Delete type=0 #5296
2018/12/03-23:59:01.418764 7fa34f742700 Delete type=3 #5295
