2018/11/26-21:30:12.613665 7f1c7eda7700                        Version: 2.0.19
2018/11/26-21:30:12.613688 7f1c7eda7700             Options.comparator: leveldb.InternalKeyComparator
2018/11/26-21:30:12.613694 7f1c7eda7700      Options.create_if_missing: 1
2018/11/26-21:30:12.613700 7f1c7eda7700        Options.error_if_exists: 0
2018/11/26-21:30:12.613705 7f1c7eda7700        Options.paranoid_checks: 0
2018/11/26-21:30:12.613710 7f1c7eda7700     Options.verify_compactions: 1
2018/11/26-21:30:12.613721 7f1c7eda7700                    Options.env: 0x7f1cc8003660
2018/11/26-21:30:12.613727 7f1c7eda7700               Options.info_log: 0x7f1c98002530
2018/11/26-21:30:12.613732 7f1c7eda7700      Options.write_buffer_size: 62914560
2018/11/26-21:30:12.613737 7f1c7eda7700         Options.max_open_files: 1000
2018/11/26-21:30:12.613742 7f1c7eda7700            Options.block_cache: 0x7f1c98001940
2018/11/26-21:30:12.613747 7f1c7eda7700             Options.block_size: 4096
2018/11/26-21:30:12.613752 7f1c7eda7700       Options.block_size_steps: 16
2018/11/26-21:30:12.613758 7f1c7eda7700 Options.block_restart_interval: 16
2018/11/26-21:30:12.613763 7f1c7eda7700            Options.compression: 1
2018/11/26-21:30:12.613768 7f1c7eda7700          Options.filter_policy: NULL
2018/11/26-21:30:12.613773 7f1c7eda7700              Options.is_repair: false
2018/11/26-21:30:12.613778 7f1c7eda7700         Options.is_internal_db: false
2018/11/26-21:30:12.613783 7f1c7eda7700      Options.total_leveldb_mem: 0
2018/11/26-21:30:12.613789 7f1c7eda7700  Options.block_cache_threshold: 33554432
2018/11/26-21:30:12.613814 7f1c7eda7700  Options.limited_developer_mem: false
2018/11/26-21:30:12.613823 7f1c7eda7700              Options.mmap_size: 0
2018/11/26-21:30:12.613840 7f1c7eda7700       Options.delete_threshold: 1000
2018/11/26-21:30:12.613846 7f1c7eda7700       Options.fadvise_willneed: false
2018/11/26-21:30:12.613852 7f1c7eda7700      Options.tiered_slow_level: 0
2018/11/26-21:30:12.613857 7f1c7eda7700     Options.tiered_fast_prefix: .utxo
2018/11/26-21:30:12.613863 7f1c7eda7700     Options.tiered_slow_prefix: .utxo
2018/11/26-21:30:12.613868 7f1c7eda7700                         crc32c: hardware
2018/11/26-21:30:12.613874 7f1c7eda7700   Options.cache_object_warming: true
2018/11/26-21:30:12.613896 7f1c7eda7700                File cache size: 186642432
2018/11/26-21:30:12.613902 7f1c7eda7700               Block cache size: 188739584
2018/11/26-21:30:12.614045 7f1c7eda7700 Recovering log #1730
2018/11/26-21:30:12.626143 7f1c7eda7700 Delete type=0 #1730
2018/11/26-21:30:12.626207 7f1c7eda7700 Delete type=3 #1729
