2018/11/30-01:49:20.539212 7f52f7bd7700                        Version: 2.0.19
2018/11/30-01:49:20.539224 7f52f7bd7700             Options.comparator: leveldb.InternalKeyComparator
2018/11/30-01:49:20.539227 7f52f7bd7700      Options.create_if_missing: 1
2018/11/30-01:49:20.539229 7f52f7bd7700        Options.error_if_exists: 0
2018/11/30-01:49:20.539231 7f52f7bd7700        Options.paranoid_checks: 0
2018/11/30-01:49:20.539232 7f52f7bd7700     Options.verify_compactions: 1
2018/11/30-01:49:20.539234 7f52f7bd7700                    Options.env: 0x7f5340003680
2018/11/30-01:49:20.539236 7f52f7bd7700               Options.info_log: 0x7f53180024a0
2018/11/30-01:49:20.539237 7f52f7bd7700      Options.write_buffer_size: 62914560
2018/11/30-01:49:20.539239 7f52f7bd7700         Options.max_open_files: 1000
2018/11/30-01:49:20.539241 7f52f7bd7700            Options.block_cache: 0x7f53180018b0
2018/11/30-01:49:20.539243 7f52f7bd7700             Options.block_size: 4096
2018/11/30-01:49:20.539244 7f52f7bd7700       Options.block_size_steps: 16
2018/11/30-01:49:20.539246 7f52f7bd7700 Options.block_restart_interval: 16
2018/11/30-01:49:20.539248 7f52f7bd7700            Options.compression: 1
2018/11/30-01:49:20.539249 7f52f7bd7700          Options.filter_policy: NULL
2018/11/30-01:49:20.539251 7f52f7bd7700              Options.is_repair: false
2018/11/30-01:49:20.539253 7f52f7bd7700         Options.is_internal_db: false
2018/11/30-01:49:20.539255 7f52f7bd7700      Options.total_leveldb_mem: 0
2018/11/30-01:49:20.539256 7f52f7bd7700  Options.block_cache_threshold: 33554432
2018/11/30-01:49:20.539258 7f52f7bd7700  Options.limited_developer_mem: false
2018/11/30-01:49:20.539260 7f52f7bd7700              Options.mmap_size: 0
2018/11/30-01:49:20.539261 7f52f7bd7700       Options.delete_threshold: 1000
2018/11/30-01:49:20.539263 7f52f7bd7700       Options.fadvise_willneed: false
2018/11/30-01:49:20.539265 7f52f7bd7700      Options.tiered_slow_level: 0
2018/11/30-01:49:20.539266 7f52f7bd7700     Options.tiered_fast_prefix: .utxo
2018/11/30-01:49:20.539268 7f52f7bd7700     Options.tiered_slow_prefix: .utxo
2018/11/30-01:49:20.539270 7f52f7bd7700                         crc32c: hardware
2018/11/30-01:49:20.539271 7f52f7bd7700   Options.cache_object_warming: true
2018/11/30-01:49:20.539273 7f52f7bd7700                File cache size: 186642432
2018/11/30-01:49:20.539275 7f52f7bd7700               Block cache size: 188739584
2018/11/30-01:49:20.539333 7f52f7bd7700 Recovering log #3549
2018/11/30-01:49:20.550532 7f52f7bd7700 Delete type=0 #3549
2018/11/30-01:49:20.550550 7f52f7bd7700 Delete type=3 #3548
