2018/12/03-23:59:01.344305 7fa34f742700                        Version: 2.0.19
2018/12/03-23:59:01.344320 7fa34f742700             Options.comparator: leveldb.InternalKeyComparator
2018/12/03-23:59:01.344322 7fa34f742700      Options.create_if_missing: 1
2018/12/03-23:59:01.344324 7fa34f742700        Options.error_if_exists: 0
2018/12/03-23:59:01.344326 7fa34f742700        Options.paranoid_checks: 0
2018/12/03-23:59:01.344328 7fa34f742700     Options.verify_compactions: 1
2018/12/03-23:59:01.344329 7fa34f742700                    Options.env: 0x7fa3a40022e0
2018/12/03-23:59:01.344331 7fa34f742700               Options.info_log: 0x7fa3840024a0
2018/12/03-23:59:01.344333 7fa34f742700      Options.write_buffer_size: 62914560
2018/12/03-23:59:01.344335 7fa34f742700         Options.max_open_files: 1000
2018/12/03-23:59:01.344336 7fa34f742700            Options.block_cache: 0x7fa3840018b0
2018/12/03-23:59:01.344338 7fa34f742700             Options.block_size: 4096
2018/12/03-23:59:01.344340 7fa34f742700       Options.block_size_steps: 16
2018/12/03-23:59:01.344341 7fa34f742700 Options.block_restart_interval: 16
2018/12/03-23:59:01.344343 7fa34f742700            Options.compression: 1
2018/12/03-23:59:01.344345 7fa34f742700          Options.filter_policy: NULL
2018/12/03-23:59:01.344346 7fa34f742700              Options.is_repair: false
2018/12/03-23:59:01.344348 7fa34f742700         Options.is_internal_db: false
2018/12/03-23:59:01.344350 7fa34f742700      Options.total_leveldb_mem: 0
2018/12/03-23:59:01.344352 7fa34f742700  Options.block_cache_threshold: 33554432
2018/12/03-23:59:01.344353 7fa34f742700  Options.limited_developer_mem: false
2018/12/03-23:59:01.344355 7fa34f742700              Options.mmap_size: 0
2018/12/03-23:59:01.344357 7fa34f742700       Options.delete_threshold: 1000
2018/12/03-23:59:01.344358 7fa34f742700       Options.fadvise_willneed: false
2018/12/03-23:59:01.344360 7fa34f742700      Options.tiered_slow_level: 0
2018/12/03-23:59:01.344362 7fa34f742700     Options.tiered_fast_prefix: .utxo
2018/12/03-23:59:01.344363 7fa34f742700     Options.tiered_slow_prefix: .utxo
2018/12/03-23:59:01.344365 7fa34f742700                         crc32c: hardware
2018/12/03-23:59:01.344367 7fa34f742700   Options.cache_object_warming: true
2018/12/03-23:59:01.344368 7fa34f742700                File cache size: 186642432
2018/12/03-23:59:01.344370 7fa34f742700               Block cache size: 188739584
2018/12/03-23:59:01.344435 7fa34f742700 Recovering log #5294
2018/12/03-23:59:01.347813 7fa34f742700 Delete type=3 #5293
2018/12/03-23:59:01.347833 7fa34f742700 Delete type=0 #5294
