2018/11/30-01:49:07.811300 7f52f7bd7700                        Version: 2.0.19
2018/11/30-01:49:07.811317 7f52f7bd7700             Options.comparator: leveldb.InternalKeyComparator
2018/11/30-01:49:07.811319 7f52f7bd7700      Options.create_if_missing: 1
2018/11/30-01:49:07.811321 7f52f7bd7700        Options.error_if_exists: 0
2018/11/30-01:49:07.811323 7f52f7bd7700        Options.paranoid_checks: 0
2018/11/30-01:49:07.811325 7f52f7bd7700     Options.verify_compactions: 1
2018/11/30-01:49:07.811326 7f52f7bd7700                    Options.env: 0x7f5340003680
2018/11/30-01:49:07.811328 7f52f7bd7700               Options.info_log: 0x7f53180024a0
2018/11/30-01:49:07.811330 7f52f7bd7700      Options.write_buffer_size: 62914560
2018/11/30-01:49:07.811332 7f52f7bd7700         Options.max_open_files: 1000
2018/11/30-01:49:07.811334 7f52f7bd7700            Options.block_cache: 0x7f53180018b0
2018/11/30-01:49:07.811335 7f52f7bd7700             Options.block_size: 4096
2018/11/30-01:49:07.811337 7f52f7bd7700       Options.block_size_steps: 16
2018/11/30-01:49:07.811339 7f52f7bd7700 Options.block_restart_interval: 16
2018/11/30-01:49:07.811340 7f52f7bd7700            Options.compression: 1
2018/11/30-01:49:07.811357 7f52f7bd7700          Options.filter_policy: NULL
2018/11/30-01:49:07.811359 7f52f7bd7700              Options.is_repair: false
2018/11/30-01:49:07.811361 7f52f7bd7700         Options.is_internal_db: false
2018/11/30-01:49:07.811362 7f52f7bd7700      Options.total_leveldb_mem: 0
2018/11/30-01:49:07.811364 7f52f7bd7700  Options.block_cache_threshold: 33554432
2018/11/30-01:49:07.811366 7f52f7bd7700  Options.limited_developer_mem: false
2018/11/30-01:49:07.811390 7f52f7bd7700              Options.mmap_size: 0
2018/11/30-01:49:07.811392 7f52f7bd7700       Options.delete_threshold: 1000
2018/11/30-01:49:07.811393 7f52f7bd7700       Options.fadvise_willneed: false
2018/11/30-01:49:07.811395 7f52f7bd7700      Options.tiered_slow_level: 0
2018/11/30-01:49:07.811397 7f52f7bd7700     Options.tiered_fast_prefix: .peers
2018/11/30-01:49:07.811398 7f52f7bd7700     Options.tiered_slow_prefix: .peers
2018/11/30-01:49:07.811418 7f52f7bd7700                         crc32c: hardware
2018/11/30-01:49:07.811420 7f52f7bd7700   Options.cache_object_warming: true
2018/11/30-01:49:07.811422 7f52f7bd7700                File cache size: 186642432
2018/11/30-01:49:07.811423 7f52f7bd7700               Block cache size: 188739584
2018/11/30-01:49:07.811502 7f52f7bd7700 Recovering log #50
2018/11/30-01:49:07.822637 7f52f7bd7700 Delete type=0 #50
2018/11/30-01:49:07.822655 7f52f7bd7700 Delete type=3 #49
