2018/11/30-01:49:07.798490 7f52f7bd7700                        Version: 2.0.19
2018/11/30-01:49:07.798505 7f52f7bd7700             Options.comparator: leveldb.InternalKeyComparator
2018/11/30-01:49:07.798508 7f52f7bd7700      Options.create_if_missing: 1
2018/11/30-01:49:07.798510 7f52f7bd7700        Options.error_if_exists: 0
2018/11/30-01:49:07.798512 7f52f7bd7700        Options.paranoid_checks: 0
2018/11/30-01:49:07.798513 7f52f7bd7700     Options.verify_compactions: 1
2018/11/30-01:49:07.798515 7f52f7bd7700                    Options.env: 0x7f5340003680
2018/11/30-01:49:07.798517 7f52f7bd7700               Options.info_log: 0x7f53180024a0
2018/11/30-01:49:07.798518 7f52f7bd7700      Options.write_buffer_size: 62914560
2018/11/30-01:49:07.798520 7f52f7bd7700         Options.max_open_files: 1000
2018/11/30-01:49:07.798522 7f52f7bd7700            Options.block_cache: 0x7f53180018b0
2018/11/30-01:49:07.798523 7f52f7bd7700             Options.block_size: 4096
2018/11/30-01:49:07.798525 7f52f7bd7700       Options.block_size_steps: 16
2018/11/30-01:49:07.798527 7f52f7bd7700 Options.block_restart_interval: 16
2018/11/30-01:49:07.798528 7f52f7bd7700            Options.compression: 1
2018/11/30-01:49:07.798530 7f52f7bd7700          Options.filter_policy: NULL
2018/11/30-01:49:07.798532 7f52f7bd7700              Options.is_repair: false
2018/11/30-01:49:07.798533 7f52f7bd7700         Options.is_internal_db: false
2018/11/30-01:49:07.798535 7f52f7bd7700      Options.total_leveldb_mem: 0
2018/11/30-01:49:07.798537 7f52f7bd7700  Options.block_cache_threshold: 33554432
2018/11/30-01:49:07.798538 7f52f7bd7700  Options.limited_developer_mem: false
2018/11/30-01:49:07.798540 7f52f7bd7700              Options.mmap_size: 0
2018/11/30-01:49:07.798542 7f52f7bd7700       Options.delete_threshold: 1000
2018/11/30-01:49:07.798543 7f52f7bd7700       Options.fadvise_willneed: false
2018/11/30-01:49:07.798545 7f52f7bd7700      Options.tiered_slow_level: 0
2018/11/30-01:49:07.798546 7f52f7bd7700     Options.tiered_fast_prefix: .peers
2018/11/30-01:49:07.798548 7f52f7bd7700     Options.tiered_slow_prefix: .peers
2018/11/30-01:49:07.798550 7f52f7bd7700                         crc32c: hardware
2018/11/30-01:49:07.798551 7f52f7bd7700   Options.cache_object_warming: true
2018/11/30-01:49:07.798553 7f52f7bd7700                File cache size: 186642432
2018/11/30-01:49:07.798555 7f52f7bd7700               Block cache size: 188739584
2018/11/30-01:49:07.798619 7f52f7bd7700 Recovering log #48
2018/11/30-01:49:07.810391 7f52f7bd7700 Delete type=0 #48
2018/11/30-01:49:07.810419 7f52f7bd7700 Delete type=3 #47
