2018/12/01-18:34:46.057481 7f5cb9100700                        Version: 2.0.19
2018/12/01-18:34:46.057495 7f5cb9100700             Options.comparator: leveldb.InternalKeyComparator
2018/12/01-18:34:46.057497 7f5cb9100700      Options.create_if_missing: 1
2018/12/01-18:34:46.057499 7f5cb9100700        Options.error_if_exists: 0
2018/12/01-18:34:46.057501 7f5cb9100700        Options.paranoid_checks: 0
2018/12/01-18:34:46.057503 7f5cb9100700     Options.verify_compactions: 1
2018/12/01-18:34:46.057504 7f5cb9100700                    Options.env: 0x7f5d0c003660
2018/12/01-18:34:46.057506 7f5cb9100700               Options.info_log: 0x7f5cec0027a0
2018/12/01-18:34:46.057508 7f5cb9100700      Options.write_buffer_size: 62914560
2018/12/01-18:34:46.057510 7f5cb9100700         Options.max_open_files: 1000
2018/12/01-18:34:46.057512 7f5cb9100700            Options.block_cache: 0x7f5cec001940
2018/12/01-18:34:46.057513 7f5cb9100700             Options.block_size: 4096
2018/12/01-18:34:46.057515 7f5cb9100700       Options.block_size_steps: 16
2018/12/01-18:34:46.057517 7f5cb9100700 Options.block_restart_interval: 16
2018/12/01-18:34:46.057519 7f5cb9100700            Options.compression: 1
2018/12/01-18:34:46.057520 7f5cb9100700          Options.filter_policy: NULL
2018/12/01-18:34:46.057522 7f5cb9100700              Options.is_repair: false
2018/12/01-18:34:46.057524 7f5cb9100700         Options.is_internal_db: false
2018/12/01-18:34:46.057525 7f5cb9100700      Options.total_leveldb_mem: 0
2018/12/01-18:34:46.057527 7f5cb9100700  Options.block_cache_threshold: 33554432
2018/12/01-18:34:46.057529 7f5cb9100700  Options.limited_developer_mem: false
2018/12/01-18:34:46.057531 7f5cb9100700              Options.mmap_size: 0
2018/12/01-18:34:46.057532 7f5cb9100700       Options.delete_threshold: 1000
2018/12/01-18:34:46.057534 7f5cb9100700       Options.fadvise_willneed: false
2018/12/01-18:34:46.057536 7f5cb9100700      Options.tiered_slow_level: 0
2018/12/01-18:34:46.057537 7f5cb9100700     Options.tiered_fast_prefix: .chaindata
2018/12/01-18:34:46.057539 7f5cb9100700     Options.tiered_slow_prefix: .chaindata
2018/12/01-18:34:46.057541 7f5cb9100700                         crc32c: hardware
2018/12/01-18:34:46.057543 7f5cb9100700   Options.cache_object_warming: true
2018/12/01-18:34:46.057544 7f5cb9100700                File cache size: 186642432
2018/12/01-18:34:46.057546 7f5cb9100700               Block cache size: 188739584
2018/12/01-18:34:46.057626 7f5cb9100700 Recovering log #37223
2018/12/01-18:34:46.068131 7f5cb9100700 Delete type=0 #37223
2018/12/01-18:34:46.068148 7f5cb9100700 Delete type=3 #37222
