2018/11/16-04:37:33.874912 7f0f3da93700                        Version: 2.0.19
2018/11/16-04:37:33.874933 7f0f3da93700             Options.comparator: leveldb.InternalKeyComparator
2018/11/16-04:37:33.874937 7f0f3da93700      Options.create_if_missing: 1
2018/11/16-04:37:33.874939 7f0f3da93700        Options.error_if_exists: 0
2018/11/16-04:37:33.874940 7f0f3da93700        Options.paranoid_checks: 0
2018/11/16-04:37:33.874942 7f0f3da93700     Options.verify_compactions: 1
2018/11/16-04:37:33.874944 7f0f3da93700                    Options.env: 0x7f0f8c003610
2018/11/16-04:37:33.874946 7f0f3da93700               Options.info_log: 0x7f0f580027a0
2018/11/16-04:37:33.874948 7f0f3da93700      Options.write_buffer_size: 62914560
2018/11/16-04:37:33.874950 7f0f3da93700         Options.max_open_files: 1000
2018/11/16-04:37:33.874952 7f0f3da93700            Options.block_cache: 0x7f0f58001940
2018/11/16-04:37:33.874954 7f0f3da93700             Options.block_size: 4096
2018/11/16-04:37:33.874956 7f0f3da93700       Options.block_size_steps: 16
2018/11/16-04:37:33.874958 7f0f3da93700 Options.block_restart_interval: 16
2018/11/16-04:37:33.874960 7f0f3da93700            Options.compression: 1
2018/11/16-04:37:33.874961 7f0f3da93700          Options.filter_policy: NULL
2018/11/16-04:37:33.874963 7f0f3da93700              Options.is_repair: false
2018/11/16-04:37:33.874965 7f0f3da93700         Options.is_internal_db: false
2018/11/16-04:37:33.874967 7f0f3da93700      Options.total_leveldb_mem: 0
2018/11/16-04:37:33.874969 7f0f3da93700  Options.block_cache_threshold: 33554432
2018/11/16-04:37:33.874996 7f0f3da93700  Options.limited_developer_mem: false
2018/11/16-04:37:33.875011 7f0f3da93700              Options.mmap_size: 0
2018/11/16-04:37:33.875015 7f0f3da93700       Options.delete_threshold: 1000
2018/11/16-04:37:33.875017 7f0f3da93700       Options.fadvise_willneed: false
2018/11/16-04:37:33.875019 7f0f3da93700      Options.tiered_slow_level: 0
2018/11/16-04:37:33.875021 7f0f3da93700     Options.tiered_fast_prefix: .chaindata
2018/11/16-04:37:33.875023 7f0f3da93700     Options.tiered_slow_prefix: .chaindata
2018/11/16-04:37:33.875025 7f0f3da93700                         crc32c: hardware
2018/11/16-04:37:33.875027 7f0f3da93700   Options.cache_object_warming: true
2018/11/16-04:37:33.875039 7f0f3da93700                File cache size: 186642432
2018/11/16-04:37:33.875043 7f0f3da93700               Block cache size: 188739584
2018/11/16-04:37:33.875123 7f0f3da93700 Recovering log #84930
2018/11/16-04:37:33.882503 7f0f3da93700 Delete type=0 #84930
2018/11/16-04:37:33.882597 7f0f3da93700 Delete type=3 #84929
