2018/12/02-22:48:27.470430 7fa559c31700                        Version: 2.0.19
2018/12/02-22:48:27.470472 7fa559c31700             Options.comparator: leveldb.InternalKeyComparator
2018/12/02-22:48:27.470479 7fa559c31700      Options.create_if_missing: 1
2018/12/02-22:48:27.470483 7fa559c31700        Options.error_if_exists: 0
2018/12/02-22:48:27.470487 7fa559c31700        Options.paranoid_checks: 0
2018/12/02-22:48:27.470490 7fa559c31700     Options.verify_compactions: 1
2018/12/02-22:48:27.470494 7fa559c31700                    Options.env: 0x7fa5bc003670
2018/12/02-22:48:27.470498 7fa559c31700               Options.info_log: 0x7fa5880027a0
2018/12/02-22:48:27.470502 7fa559c31700      Options.write_buffer_size: 62914560
2018/12/02-22:48:27.470506 7fa559c31700         Options.max_open_files: 1000
2018/12/02-22:48:27.470510 7fa559c31700            Options.block_cache: 0x7fa588001940
2018/12/02-22:48:27.470514 7fa559c31700             Options.block_size: 4096
2018/12/02-22:48:27.470517 7fa559c31700       Options.block_size_steps: 16
2018/12/02-22:48:27.470519 7fa559c31700 Options.block_restart_interval: 16
2018/12/02-22:48:27.470522 7fa559c31700            Options.compression: 1
2018/12/02-22:48:27.470526 7fa559c31700          Options.filter_policy: NULL
2018/12/02-22:48:27.470533 7fa559c31700              Options.is_repair: false
2018/12/02-22:48:27.470537 7fa559c31700         Options.is_internal_db: false
2018/12/02-22:48:27.470540 7fa559c31700      Options.total_leveldb_mem: 0
2018/12/02-22:48:27.470548 7fa559c31700  Options.block_cache_threshold: 33554432
2018/12/02-22:48:27.470589 7fa559c31700  Options.limited_developer_mem: false
2018/12/02-22:48:27.470598 7fa559c31700              Options.mmap_size: 0
2018/12/02-22:48:27.470601 7fa559c31700       Options.delete_threshold: 1000
2018/12/02-22:48:27.470603 7fa559c31700       Options.fadvise_willneed: false
2018/12/02-22:48:27.470606 7fa559c31700      Options.tiered_slow_level: 0
2018/12/02-22:48:27.470608 7fa559c31700     Options.tiered_fast_prefix: .chaindata
2018/12/02-22:48:27.470610 7fa559c31700     Options.tiered_slow_prefix: .chaindata
2018/12/02-22:48:27.470612 7fa559c31700                         crc32c: hardware
2018/12/02-22:48:27.470615 7fa559c31700   Options.cache_object_warming: true
2018/12/02-22:48:27.470618 7fa559c31700                File cache size: 186642432
2018/12/02-22:48:27.470622 7fa559c31700               Block cache size: 188739584
2018/12/02-22:48:27.470780 7fa559c31700 Recovering log #56039
2018/12/02-22:48:27.474260 7fa559c31700 Delete type=3 #56038
2018/12/02-22:48:27.474304 7fa559c31700 Delete type=0 #56039
