2018/11/29-17:19:35.927238 7efc27ea2700                        Version: 2.0.19
2018/11/29-17:19:35.927269 7efc27ea2700             Options.comparator: leveldb.InternalKeyComparator
2018/11/29-17:19:35.927274 7efc27ea2700      Options.create_if_missing: 1
2018/11/29-17:19:35.927276 7efc27ea2700        Options.error_if_exists: 0
2018/11/29-17:19:35.927278 7efc27ea2700        Options.paranoid_checks: 0
2018/11/29-17:19:35.927280 7efc27ea2700     Options.verify_compactions: 1
2018/11/29-17:19:35.927282 7efc27ea2700                    Options.env: 0x7efc6c0024d0
2018/11/29-17:19:35.927284 7efc27ea2700               Options.info_log: 0x7efc540027a0
2018/11/29-17:19:35.927286 7efc27ea2700      Options.write_buffer_size: 62914560
2018/11/29-17:19:35.927288 7efc27ea2700         Options.max_open_files: 1000
2018/11/29-17:19:35.927290 7efc27ea2700            Options.block_cache: 0x7efc54001940
2018/11/29-17:19:35.927291 7efc27ea2700             Options.block_size: 4096
2018/11/29-17:19:35.927337 7efc27ea2700       Options.block_size_steps: 16
2018/11/29-17:19:35.927341 7efc27ea2700 Options.block_restart_interval: 16
2018/11/29-17:19:35.927343 7efc27ea2700            Options.compression: 1
2018/11/29-17:19:35.927345 7efc27ea2700          Options.filter_policy: NULL
2018/11/29-17:19:35.927347 7efc27ea2700              Options.is_repair: false
2018/11/29-17:19:35.927349 7efc27ea2700         Options.is_internal_db: false
2018/11/29-17:19:35.927351 7efc27ea2700      Options.total_leveldb_mem: 0
2018/11/29-17:19:35.927353 7efc27ea2700  Options.block_cache_threshold: 33554432
2018/11/29-17:19:35.927355 7efc27ea2700  Options.limited_developer_mem: false
2018/11/29-17:19:35.927357 7efc27ea2700              Options.mmap_size: 0
2018/11/29-17:19:35.927375 7efc27ea2700       Options.delete_threshold: 1000
2018/11/29-17:19:35.927377 7efc27ea2700       Options.fadvise_willneed: false
2018/11/29-17:19:35.927378 7efc27ea2700      Options.tiered_slow_level: 0
2018/11/29-17:19:35.927380 7efc27ea2700     Options.tiered_fast_prefix: .chaindata
2018/11/29-17:19:35.927384 7efc27ea2700     Options.tiered_slow_prefix: .chaindata
2018/11/29-17:19:35.927387 7efc27ea2700                         crc32c: hardware
2018/11/29-17:19:35.927389 7efc27ea2700   Options.cache_object_warming: true
2018/11/29-17:19:35.927391 7efc27ea2700                File cache size: 186642432
2018/11/29-17:19:35.927394 7efc27ea2700               Block cache size: 188739584
2018/11/29-17:19:35.927504 7efc27ea2700 Recovering log #12986
2018/11/29-17:19:35.930922 7efc27ea2700 Delete type=0 #12986
2018/11/29-17:19:35.930955 7efc27ea2700 Delete type=3 #12985
